Age Fecundity Wght(f) Wght(m) Sel(f) Sel(m)
  0    0.0000  0.0000  0.0000 0.0000 0.0000
  1    0.0000  0.0000  0.0000 0.0000 0.0000
  2    0.0000  0.0000  0.0000 0.0000 0.0000
  3    0.0001  0.2606  0.3034 0.0006 0.0006
  4    0.0002  0.3824  0.4101 0.0057 0.0056
  5    0.0150  0.5161  0.5157 0.0548 0.0542
  6    0.0642  0.6546  0.6153 0.3626 0.3598
  7    0.1612  0.7922  0.7062 0.8465 0.8449
  8    0.2766  0.9249  0.7871 0.9981 0.9982
  9    0.3687  1.0499  0.8580 0.9636 0.9628
 10    0.4412  1.1659  0.9192 0.9050 0.9029
 11    0.5085  1.2719  0.9717 0.8477 0.8445
 12    0.5666  1.3678  1.0162 0.7939 0.7897
 13    0.6188  1.4538  1.0540 0.7433 0.7382
 14    0.6652  1.5305  1.0857 0.6953 0.6894
 15    0.7064  1.5985  1.1123 0.6491 0.6427
 16    0.7428  1.6585  1.1346 0.6041 0.5972
 17    0.7747  1.7114  1.1532 0.5593 0.5522
 18    0.8028  1.7577  1.1687 0.5139 0.5068
 19    0.8274  1.7983  1.1816 0.4670 0.4601
 20    0.8839  1.8916  1.2089 0.4180 0.4117
